function conu = conu(in1,in2)
%CONU
%    CONU = CONU(IN1,IN2)

%    This function was generated by the Symbolic Math Toolbox version 8.6.
%    30-Jul-2021 17:53:59

u1 = in1(1,:);
u2 = in1(2,:);
u3 = in1(3,:);
u4 = in1(4,:);
up2 = in2(2,:);
up3 = in2(3,:);
up4 = in2(4,:);
t2 = u4.*(2.51e+2./5.2e+1);
t3 = up4.*(2.51e+2./5.2e+1);
t4 = u2.*(7.7e+1./1.2e+2);
t5 = u3.*(7.7e+1./1.2e+2);
t7 = up2.*(7.7e+1./1.2e+2);
t8 = up3.*(7.7e+1./1.2e+2);
t14 = u2.*u4.*4.041666666666667e-3;
t15 = u3.*u4.*4.041666666666667e-3;
t18 = u1.*3.98467278;
t6 = -t2;
t9 = -t3;
t10 = -t4;
t11 = -t5;
t12 = -t7;
t13 = -t8;
t16 = -t14;
t17 = -t15;
t19 = -t18;
conu = [t3+t6+t7+t8+t10+t11+t14+t17+t18-3.98467278;t3+t4+t5+t6+t12+t13+t15+t16+t18-3.98467278;t2+t4+t8+t9+t11+t12+t14+t15+t18-3.98467278;t2+t5+t7+t9+t10+t13+t16+t17+t18-3.98467278;t2+t4+t5+t9+t12+t13+t15+t16+t19+2.3417728e-3;t2+t7+t8+t9+t10+t11+t14+t17+t19+2.3417728e-3;t3+t5+t6+t7+t10+t13+t16+t17+t19+2.3417728e-3;t3+t4+t6+t8+t11+t12+t14+t15+t19+2.3417728e-3];
