function conu = conu(in1,in2)
%CONU
%    CONU = CONU(IN1,IN2)

%    This function was generated by the Symbolic Math Toolbox version 8.6.
%    09-Aug-2021 20:13:28

u1 = in1(1,:);
u2 = in1(2,:);
u3 = in1(3,:);
u4 = in1(4,:);
up2 = in2(2,:);
up3 = in2(3,:);
up4 = in2(4,:);
t2 = u2.*(7.7e+1./6.0e+1);
t3 = u3.*(7.7e+1./6.0e+1);
t4 = u4.*(2.51e+2./2.6e+1);
t5 = up2.*(7.7e+1./6.0e+1);
t6 = up3.*(7.7e+1./6.0e+1);
t7 = up4.*(2.51e+2./2.6e+1);
t14 = u2.*u4.*4.041666666666667e-3;
t15 = u3.*u4.*4.041666666666667e-3;
t18 = u1.*3.026516375;
t8 = -t2;
t9 = -t3;
t10 = -t4;
t11 = -t5;
t12 = -t6;
t13 = -t7;
t16 = -t14;
t17 = -t15;
t19 = -t18;
conu = [t5+t6+t7+t8+t9+t10+t14+t17+t18-3.026516375;t2+t3+t7+t10+t11+t12+t15+t16+t18-3.026516375;t2+t4+t6+t9+t11+t13+t14+t15+t18-3.026516375;t3+t4+t5+t8+t12+t13+t16+t17+t18-3.026516375;t2+t3+t4+t11+t12+t13+t15+t16+t19;t4+t5+t6+t8+t9+t13+t14+t17+t19;t3+t5+t7+t8+t10+t12+t16+t17+t19;t2+t6+t7+t9+t10+t11+t14+t15+t19];
