function conu_u = conu_u(in1,in2)
%CONU_U
%    CONU_U = CONU_U(IN1,IN2)

%    This function was generated by the Symbolic Math Toolbox version 8.7.
%    23-Aug-2021 13:01:32

u2 = in1(2,:);
u3 = in1(3,:);
u4 = in1(4,:);
t2 = u3.*(3.0./8.0e+2);
t3 = u4.*(3.0./8.0e+2);
t6 = u2.*8.439490445859873e-3;
t7 = u3.*8.439490445859873e-3;
t10 = u2.*5.958333333333333e-3;
t11 = u4.*5.958333333333333e-3;
t4 = -t2;
t5 = -t3;
t8 = -t6;
t9 = -t7;
t12 = -t10;
t13 = -t11;
mt1 = [4.154375,4.154375,4.154375,4.154375,-4.154375,-4.154375,-4.154375,-4.154375,t9+t11-3.7e+1./4.0e+1,t9+t13+3.7e+1./4.0e+1,t7+t11+3.7e+1./4.0e+1,t7+t13-3.7e+1./4.0e+1,t7+t13+3.7e+1./4.0e+1,t7+t11-3.7e+1./4.0e+1,t9+t13-3.7e+1./4.0e+1,t9+t11+3.7e+1./4.0e+1,t5+t8-4.1e+1./3.0e+1,t3+t8+4.1e+1./3.0e+1,t3+t6-4.1e+1./3.0e+1,t5+t6+4.1e+1./3.0e+1,t3+t6+4.1e+1./3.0e+1,t5+t6-4.1e+1./3.0e+1];
mt2 = [t5+t8+4.1e+1./3.0e+1,t3+t8-4.1e+1./3.0e+1,t4+t10-8.089171974522293,t2+t12-8.089171974522293,t2+t10+8.089171974522293,t4+t12+8.089171974522293,t2+t12+8.089171974522293,t4+t10+8.089171974522293,t4+t12-8.089171974522293,t2+t10-8.089171974522293];
conu_u = reshape([mt1,mt2],8,4);
