function conu_u = conu_u(in1,in2,in3)
%CONU_U
%    CONU_U = CONU_U(IN1,IN2,IN3)

%    This function was generated by the Symbolic Math Toolbox version 8.7.
%    14-Sep-2021 10:51:24

u2 = in2(2,:);
u3 = in2(3,:);
u4 = in2(4,:);
t2 = u2./2.4e+2;
t3 = u4./2.4e+2;
t4 = u2.*(3.0./3.14e+2);
t5 = u3.*(3.0./3.14e+2);
t10 = u3./6.0e+2;
t11 = u4./6.0e+2;
t6 = -t2;
t7 = -t3;
t8 = -t4;
t9 = -t5;
t12 = -t10;
t13 = -t11;
mt1 = [3.7028125,3.7028125,3.7028125,3.7028125,-3.7028125,-3.7028125,-3.7028125,-3.7028125,t3+t9-5.0./6.0,t7+t9+5.0./6.0,t3+t5+5.0./6.0,t5+t7-5.0./6.0,t5+t7+5.0./6.0,t3+t5-5.0./6.0,t7+t9-5.0./6.0,t3+t9+5.0./6.0,t8+t13-4.0./3.0,t8+t11+4.0./3.0,t4+t11-4.0./3.0,t4+t13+4.0./3.0,t4+t11+4.0./3.0,t4+t13-4.0./3.0,t8+t13+4.0./3.0,t8+t11-4.0./3.0,t2+t12-1.0e+3./1.57e+2];
mt2 = [t6+t10-1.0e+3./1.57e+2,t2+t10+1.0e+3./1.57e+2,t6+t12+1.0e+3./1.57e+2,t6+t10+1.0e+3./1.57e+2,t2+t12+1.0e+3./1.57e+2,t6+t12-1.0e+3./1.57e+2,t2+t10-1.0e+3./1.57e+2];
conu_u = reshape([mt1,mt2],8,4);
