function conu = conu(in1,in2,in3)
%CONU
%    CONU = CONU(IN1,IN2,IN3)

%    This function was generated by the Symbolic Math Toolbox version 8.6.
%    12-Sep-2021 20:30:14

u1 = in2(1,:);
u2 = in2(2,:);
u3 = in2(3,:);
u4 = in2(4,:);
up2 = in3(2,:);
up3 = in3(3,:);
up4 = in3(4,:);
t2 = u3.*(2.0./3.0);
t3 = up3.*(2.0./3.0);
t5 = u2.*(5.0./1.2e+1);
t7 = up2.*(5.0./1.2e+1);
t10 = (u2.*u4)./2.4e+2;
t11 = u2.*u3.*(3.0./3.14e+2);
t14 = (u3.*u4)./6.0e+2;
t15 = u4.*(5.0e+2./1.57e+2);
t16 = up4.*(5.0e+2./1.57e+2);
t20 = u1.*3.7028125;
t4 = -t2;
t6 = -t3;
t8 = -t5;
t9 = -t7;
t12 = -t10;
t13 = -t11;
t17 = -t14;
t18 = -t15;
t19 = -t16;
t21 = -t20;
conu = [t3+t4+t7+t8+t10+t13+t16+t17+t18+t20-3.7028125;t2+t5+t6+t9+t12+t13+t14+t16+t18+t20-3.7028125;t3+t4+t5+t9+t10+t11+t14+t15+t19+t20-3.7028125;t2+t6+t7+t8+t11+t12+t15+t17+t19+t20-3.7028125;t2+t5+t6+t9+t11+t12+t14+t15+t19+t21;t3+t4+t7+t8+t10+t11+t15+t17+t19+t21;t2+t6+t7+t8+t12+t13+t16+t17+t18+t21;t3+t4+t5+t9+t10+t13+t14+t16+t18+t21];
