function conu = conu(in1,in2)
%CONU
%    CONU = CONU(IN1,IN2)

%    This function was generated by the Symbolic Math Toolbox version 8.6.
%    20-Aug-2021 19:54:07

u1 = in1(1,:);
u2 = in1(2,:);
u3 = in1(3,:);
u4 = in1(4,:);
up2 = in2(2,:);
up3 = in2(3,:);
up4 = in2(4,:);
t2 = u3.*(4.0./3.0);
t3 = u2.*(5.0./6.0);
t4 = up3.*(4.0./3.0);
t5 = up2.*(5.0./6.0);
t10 = (u2.*u4)./2.4e+2;
t11 = u2.*u3.*(3.0./3.14e+2);
t14 = (u3.*u4)./6.0e+2;
t16 = u4.*(1.0e+3./1.57e+2);
t17 = up4.*(1.0e+3./1.57e+2);
t20 = u1.*4.2446875;
t6 = -t2;
t7 = -t3;
t8 = -t4;
t9 = -t5;
t12 = -t10;
t13 = -t11;
t15 = -t14;
t18 = -t16;
t19 = -t17;
t21 = -t20;
conu = [t4+t5+t6+t7+t10+t13+t15+t17+t18+t20-4.2446875;t2+t3+t8+t9+t12+t13+t14+t17+t18+t20-4.2446875;t3+t4+t6+t9+t10+t11+t14+t16+t19+t20-4.2446875;t2+t5+t7+t8+t11+t12+t15+t16+t19+t20-4.2446875;t2+t3+t8+t9+t11+t12+t14+t16+t19+t21;t4+t5+t6+t7+t10+t11+t15+t16+t19+t21;t2+t5+t7+t8+t12+t13+t15+t17+t18+t21;t3+t4+t6+t9+t10+t13+t14+t17+t18+t21];
