function conu = conu(in1,in2)
%CONU
%    CONU = CONU(IN1,IN2)

%    This function was generated by the Symbolic Math Toolbox version 8.6.
%    23-Aug-2021 22:48:16

u1 = in1(1,:);
u2 = in1(2,:);
u3 = in1(3,:);
u4 = in1(4,:);
up2 = in2(2,:);
up3 = in2(3,:);
up4 = in2(4,:);
t2 = u2.*(2.0./5.0);
t3 = up2.*(2.0./5.0);
t6 = u3.*(3.1e+1./3.0e+1);
t7 = up3.*(3.1e+1./3.0e+1);
t10 = u2.*u3.*1.210191082802548e-2;
t11 = u3.*u4.*1.125e-3;
t12 = u4.*(7.55e+2./1.57e+2);
t13 = up4.*(7.55e+2./1.57e+2);
t17 = u1.*4.154375;
t19 = u2.*u4.*4.291666666666667e-3;
t4 = -t2;
t5 = -t3;
t8 = -t6;
t9 = -t7;
t14 = -t10;
t15 = -t11;
t16 = -t12;
t18 = -t13;
t20 = -t17;
t21 = -t19;
conu = [t3+t4+t7+t8+t13+t14+t15+t16+t17+t19-2.89e+2./8.0e+1;t2+t5+t6+t9+t11+t13+t14+t16+t17+t21-2.89e+2./8.0e+1;t2+t5+t7+t8+t10+t11+t12+t17+t18+t19-2.89e+2./8.0e+1;t3+t4+t6+t9+t10+t12+t15+t17+t18+t21-2.89e+2./8.0e+1;t2+t5+t6+t9+t10+t11+t12+t18+t20+t21;t3+t4+t7+t8+t10+t12+t15+t18+t19+t20;t3+t4+t6+t9+t13+t14+t15+t16+t20+t21;t2+t5+t7+t8+t11+t13+t14+t16+t19+t20];
