function conu = conu(in1,in2)
%CONU
%    CONU = CONU(IN1,IN2)

%    This function was generated by the Symbolic Math Toolbox version 8.7.
%    25-Aug-2021 00:06:54

u1 = in1(1,:);
u2 = in1(2,:);
u3 = in1(3,:);
u4 = in1(4,:);
up2 = in2(2,:);
up3 = in2(3,:);
up4 = in2(4,:);
t2 = u2.*(2.0./5.0);
t3 = up2.*(2.0./5.0);
t6 = u3.*(3.1e+1./3.0e+1);
t7 = up3.*(3.1e+1./3.0e+1);
t10 = u1.*(2.89e+2./8.0e+1);
t11 = u2.*u3.*1.210191082802548e-2;
t12 = u3.*u4.*1.125e-3;
t14 = u4.*(7.55e+2./1.57e+2);
t15 = up4.*(7.55e+2./1.57e+2);
t20 = u2.*u4.*4.291666666666667e-3;
t4 = -t2;
t5 = -t3;
t8 = -t6;
t9 = -t7;
t13 = -t10;
t16 = -t11;
t17 = -t12;
t18 = -t14;
t19 = -t15;
t21 = -t20;
conu = [t3+t4+t7+t8+t10+t15+t16+t17+t18+t20-4.154375;t2+t5+t6+t9+t10+t12+t15+t16+t18+t21-4.154375;t2+t5+t7+t8+t10+t11+t12+t14+t19+t20-4.154375;t3+t4+t6+t9+t10+t11+t14+t17+t19+t21-4.154375;t2+t5+t6+t9+t11+t12+t13+t14+t19+t21;t3+t4+t7+t8+t11+t13+t14+t17+t19+t20;t3+t4+t6+t9+t13+t15+t16+t17+t18+t21;t2+t5+t7+t8+t12+t13+t15+t16+t18+t20];
