function conu = conu(in1,in2)
%CONU
%    CONU = CONU(IN1,IN2)

%    This function was generated by the Symbolic Math Toolbox version 8.7.
%    23-Jul-2021 13:27:22

u1 = in1(1,:);
u2 = in1(2,:);
u3 = in1(3,:);
u4 = in1(4,:);
up2 = in2(2,:);
up3 = in2(3,:);
up4 = in2(4,:);
t2 = u1.*6.274040901295789e-2;
t4 = u2.*1.610337164665919e-1;
t5 = u3.*1.610337164665919e-1;
t6 = up2.*1.610337164665919e-1;
t7 = up3.*1.610337164665919e-1;
t8 = u2.*u4.*1.014303279042819e-3;
t9 = u3.*u4.*1.014303279042819e-3;
t10 = u4.*1.211372512480956;
t11 = up4.*1.211372512480956;
t3 = -t2;
t12 = -t4;
t13 = -t5;
t14 = -t6;
t15 = -t7;
t16 = -t8;
t17 = -t9;
t18 = -t10;
t19 = -t11;
mt1 = [t2+t6+t7+t8+t11+t12+t13+t17+t18-1.0,t2+t4+t5+t9+t11+t14+t15+t16+t18-1.0,t2+t4+t7+t8+t9+t10+t13+t14+t19-1.0,t2+t5+t6+t10+t12+t15+t16+t17+t19-1.0,t3+t4+t5+t9+t10+t14+t15+t16+t19+5.876951331496786e-4,t3+t6+t7+t8+t10+t12+t13+t17+t19+5.876951331496786e-4,t3+t5+t6+t11+t12+t15+t16+t17+t18+5.876951331496786e-4];
mt2 = [t3+t4+t7+t8+t9+t11+t13+t14+t18+5.876951331496786e-4];
conu = reshape([mt1,mt2],8,1);
