function conu = conu(in1,in2)
%CONU
%    CONU = CONU(IN1,IN2)

%    This function was generated by the Symbolic Math Toolbox version 8.6.
%    12-Aug-2021 21:30:43

u1 = in1(1,:);
u2 = in1(2,:);
u3 = in1(3,:);
u4 = in1(4,:);
up2 = in2(2,:);
up3 = in2(3,:);
up4 = in2(4,:);
t2 = u3.*(4.0./3.0);
t3 = u4.*(5.0./3.0);
t4 = u2.*(5.0./6.0);
t5 = up3.*(4.0./3.0);
t6 = up4.*(5.0./3.0);
t7 = up2.*(5.0./6.0);
t14 = (u2.*u4)./2.4e+2;
t15 = (u2.*u3)./4.0e+2;
t18 = (u3.*u4)./6.0e+2;
t20 = u1.*4.1724375;
t8 = -t2;
t9 = -t3;
t10 = -t4;
t11 = -t5;
t12 = -t6;
t13 = -t7;
t16 = -t14;
t17 = -t15;
t19 = -t18;
t21 = -t20;
conu = [t5+t6+t7+t8+t9+t10+t14+t17+t19+t20-4.1724375;t2+t4+t6+t9+t11+t13+t16+t17+t18+t20-4.1724375;t3+t4+t5+t8+t12+t13+t14+t15+t18+t20-4.1724375;t2+t3+t7+t10+t11+t12+t15+t16+t19+t20-4.1724375;t2+t3+t4+t11+t12+t13+t15+t16+t18+t21;t3+t5+t7+t8+t10+t12+t14+t15+t19+t21;t2+t6+t7+t9+t10+t11+t16+t17+t19+t21;t4+t5+t6+t8+t9+t13+t14+t17+t18+t21];
