function conu_u = conu_u(in1,in2)
%CONU_U
%    CONU_U = CONU_U(IN1,IN2)

%    This function was generated by the Symbolic Math Toolbox version 8.7.
%    23-Jul-2021 13:27:22

u2 = in1(2,:);
u3 = in1(3,:);
u4 = in1(4,:);
t2 = u2.*1.014303279042819e-3;
t3 = u3.*1.014303279042819e-3;
t4 = u4.*1.014303279042819e-3;
t5 = -t2;
t6 = -t3;
t7 = -t4;
t8 = t4+1.610337164665919e-1;
t10 = t4-1.610337164665919e-1;
t9 = t7+1.610337164665919e-1;
t11 = t7-1.610337164665919e-1;
mt1 = [6.274040901295789e-2,6.274040901295789e-2,6.274040901295789e-2,6.274040901295789e-2,-6.274040901295789e-2,-6.274040901295789e-2];
mt2 = [-6.274040901295789e-2,-6.274040901295789e-2,t10,t9,t8,t11,t9,t10,t11,t8,t11,t8,t10,t9,t8,t11,t9,t10,t2+t6-1.211372512480956,t3+t5-1.211372512480956,t2+t3+1.211372512480956];
mt3 = [t5+t6+1.211372512480956,t3+t5+1.211372512480956,t2+t6+1.211372512480956,t5+t6-1.211372512480956,t2+t3-1.211372512480956];
conu_u = reshape([mt1,mt2,mt3],8,4);
