function conx = conx(in1,in2)
%CONX
%    CONX = CONX(IN1,IN2)

%    This function was generated by the Symbolic Math Toolbox version 8.6.
%    17-Aug-2021 16:36:48

p_box1_1 = in2(1);
p_box1_2 = in2(4);
p_box1_4 = in2(10);
p_box2_1 = in2(2);
p_box2_2 = in2(5);
p_box2_4 = in2(11);
p_box3_1 = in2(3);
p_box3_2 = in2(6);
p_box3_4 = in2(12);
x1 = in1(1,:);
x2 = in1(2,:);
x3 = in1(3,:);
x7 = in1(7,:);
x8 = in1(8,:);
x9 = in1(9,:);
x10 = in1(10,:);
t2 = x7.^2;
t3 = x8.^2;
t4 = x9.^2;
t5 = x10.^2;
t6 = -p_box1_2;
t7 = -p_box1_4;
t8 = -p_box2_1;
t9 = -p_box2_2;
t10 = -p_box2_4;
t11 = -p_box3_1;
t12 = -p_box3_2;
t13 = -p_box3_4;
t14 = -x1;
t15 = -x2;
t16 = -x3;
t23 = x7.*x8.*(3.0./2.5e+1);
t24 = x7.*x9.*(3.0./2.5e+1);
t25 = x7.*x10.*(3.0./2.5e+1);
t26 = x8.*x9.*(3.0./2.5e+1);
t27 = x8.*x10.*(3.0./2.5e+1);
t28 = x9.*x10.*(3.0./2.5e+1);
t17 = p_box1_1+t6;
t18 = p_box1_1+t7;
t19 = p_box2_1+t9;
t20 = p_box2_1+t10;
t21 = p_box3_1+t12;
t22 = p_box3_1+t13;
t29 = t2.*(3.0./5.0e+1);
t30 = t3.*(3.0./5.0e+1);
t31 = t4.*(3.0./5.0e+1);
t32 = t5.*(3.0./5.0e+1);
t33 = -t24;
t34 = -t25;
t35 = -t26;
t36 = -t27;
t47 = p_box2_1+t15+t25+t26;
t48 = t8+t25+t26+x2;
t49 = p_box3_1+t16+t23+t28;
t50 = t11+t23+t28+x3;
t37 = t17.^2;
t38 = t18.^2;
t39 = t19.^2;
t40 = t20.^2;
t41 = t21.^2;
t42 = t22.^2;
t43 = -t29;
t44 = -t30;
t45 = -t31;
t46 = -t32;
t51 = p_box1_1+t14+t26+t34;
t52 = p_box1_1+t14+t25+t35;
t53 = p_box3_1+t16+t27+t33;
t54 = p_box3_1+t16+t24+t36;
t57 = t19.*t47;
t58 = t19.*t48;
t59 = t20.*t47;
t60 = t20.*t48;
t61 = t21.*t49;
t62 = t21.*t50;
t63 = t22.*t49;
t64 = t22.*t50;
t55 = t37+t39+t41;
t56 = t38+t40+t42;
t65 = t17.*t51;
t66 = t17.*t52;
t67 = t18.*t51;
t68 = t18.*t52;
t69 = t21.*t53;
t70 = t21.*t54;
t71 = t22.*t53;
t72 = t22.*t54;
t75 = -t58;
t76 = -t60;
t77 = -t62;
t78 = -t64;
t79 = p_box1_1+t14+t31+t32+t43+t44;
t80 = p_box1_1+t14+t29+t30+t45+t46;
t81 = p_box2_1+t15+t30+t32+t43+t45;
t82 = p_box2_1+t15+t29+t31+t44+t46;
t73 = 1.0./t55;
t74 = 1.0./t56;
t83 = t17.*t79;
t84 = t17.*t80;
t85 = t18.*t79;
t86 = t18.*t80;
t87 = t19.*t81;
t88 = t19.*t82;
t89 = t20.*t81;
t90 = t20.*t82;
t91 = t61+t65+t88;
t92 = t57+t69+t84;
t93 = t63+t67+t90;
t94 = t59+t71+t86;
t95 = t66+t77+t87;
t96 = t70+t75+t83;
t97 = t68+t78+t89;
t98 = t72+t76+t85;
t99 = t73.*t91;
t100 = t73.*t92;
t101 = t74.*t93;
t102 = t74.*t94;
t103 = t73.*t95;
t104 = t73.*t96;
t105 = t74.*t97;
t106 = t74.*t98;
conx = [-t104;-t99;-t100;-t103;-t106;-t101;-t102;-t105;t104-1.0;t99-1.0;t100-1.0;t103-1.0;t106-1.0;t101-1.0;t102-1.0;t105-1.0];
