function conx_contact_x = conx_contact_x(in1,in2)
%CONX_CONTACT_X
%    CONX_CONTACT_X = CONX_CONTACT_X(IN1,IN2)

%    This function was generated by the Symbolic Math Toolbox version 8.6.
%    27-Sep-2021 18:12:09

cone_coeffs1 = in2(1,:);
cone_coeffs2 = in2(2,:);
x4 = in1(4,:);
x5 = in1(5,:);
x6 = in1(6,:);
t2 = x5.*9.999995146424875e-1;
t3 = x6.*9.999995146424875e-1;
conx_contact_x = [0.0,0.0,0.0,cone_coeffs1.*x4.*2.0,t3-x5.*1.000985248592773+cone_coeffs2.*(t3+x5.*9.990147514072268e-1),t2-x6.*9.990147514072268e-1+cone_coeffs2.*(t2+x6.*1.000985248592773),0.0,0.0,0.0,0.0,0.0,0.0,0.0,0.0,0.0,0.0,0.0];
