function conx_gate = conx_gate(in1,in2,in3,in4)
%CONX_GATE
%    CONX_GATE = CONX_GATE(IN1,IN2,IN3,IN4)

%    This function was generated by the Symbolic Math Toolbox version 8.6.
%    14-Sep-2021 00:53:06

p01 = in2(1,:);
p02 = in2(2,:);
p03 = in2(3,:);
p11 = in3(1,:);
p12 = in3(2,:);
p13 = in3(3,:);
p21 = in4(1,:);
p22 = in4(2,:);
p23 = in4(3,:);
x1 = in1(1,:);
x2 = in1(2,:);
x3 = in1(3,:);
x7 = in1(7,:);
x8 = in1(8,:);
x9 = in1(9,:);
x10 = in1(10,:);
t2 = x7.^2;
t3 = x8.^2;
t4 = x9.^2;
t5 = x10.^2;
t6 = -p01;
t7 = -p02;
t8 = -p03;
t9 = -p11;
t10 = -p12;
t11 = -p13;
t12 = -p21;
t13 = -p22;
t14 = -p23;
t15 = -x1;
t16 = -x2;
t17 = -x3;
t18 = (x7.*x9)./5.0;
t19 = (x7.*x10)./5.0;
t20 = (x8.*x9)./5.0;
t21 = (x8.*x10)./5.0;
t30 = x7.*x8.*(6.0./2.5e+1);
t31 = x7.*x10.*(6.0./2.5e+1);
t32 = x8.*x9.*(6.0./2.5e+1);
t33 = x9.*x10.*(6.0./2.5e+1);
t55 = x7.*x8.*(9.0./1.0e+2);
t56 = x7.*x9.*(9.0./1.0e+2);
t57 = x8.*x10.*(9.0./1.0e+2);
t58 = x9.*x10.*(9.0./1.0e+2);
t22 = p01+t9;
t23 = p02+t10;
t24 = p03+t11;
t25 = p11+t12;
t26 = p12+t13;
t27 = p13+t14;
t28 = -t18;
t29 = -t21;
t34 = t2./1.0e+1;
t35 = t3./1.0e+1;
t36 = t4./1.0e+1;
t37 = t5./1.0e+1;
t38 = t2.*(3.0./2.5e+1);
t39 = t3.*(3.0./2.5e+1);
t40 = t4.*(3.0./2.5e+1);
t41 = t5.*(3.0./2.5e+1);
t42 = -t31;
t43 = -t32;
t59 = t2.*(9.0./2.0e+2);
t60 = t3.*(9.0./2.0e+2);
t61 = t4.*(9.0./2.0e+2);
t62 = t5.*(9.0./2.0e+2);
t63 = -t55;
t64 = -t58;
t44 = t25.^2;
t45 = t26.^2;
t46 = t27.^2;
t47 = -t34;
t48 = -t35;
t49 = -t36;
t50 = -t37;
t51 = -t38;
t52 = -t39;
t53 = -t40;
t54 = -t41;
t65 = -t59;
t66 = -t60;
t67 = -t61;
t68 = -t62;
t69 = t22.*t25;
t70 = t23.*t26;
t71 = t24.*t27;
t72 = t44+t45+t46;
t74 = t69+t70+t71;
t73 = 1.0./t72;
t75 = t25.*t73.*t74;
t76 = t26.*t73.*t74;
t77 = t27.*t73.*t74;
t78 = -t75;
t79 = -t76;
t80 = -t77;
t81 = p11+t6+t75;
t82 = p12+t7+t76;
t83 = p13+t8+t77;
conx_gate = [-t82.*(p12+t16+t19+t20+t39+t41+t51+t53+t55+t64+t76)+t81.*(t9+t32+t36+t37+t42+t47+t48+t56+t57+t78+x1)+t83.*(t11+t18+t29+t30+t33+t59+t62+t66+t67+t80+x3);t82.*(t10+t19+t20+t38+t40+t52+t54+t58+t63+t79+x2)+t81.*(t9+t32+t34+t35+t42+t49+t50+t56+t57+t78+x1)+t83.*(t11+t21+t28+t30+t33+t59+t62+t66+t67+t80+x3);-t83.*(p13+t17+t18+t29+t30+t33+t60+t61+t65+t68+t77)+t82.*(t10+t19+t20+t39+t41+t51+t53+t58+t63+t79+x2)+t81.*(t9+t31+t34+t35+t43+t49+t50+t56+t57+t78+x1);-t82.*(p12+t16+t19+t20+t38+t40+t52+t54+t55+t64+t76)-t83.*(p13+t17+t21+t28+t30+t33+t60+t61+t65+t68+t77)+t81.*(t9+t31+t36+t37+t43+t47+t48+t56+t57+t78+x1);-t82.*(p12+t16+t19+t20+t39+t41+t51+t53+t58+t63+t76)-t81.*(p11+t15+t31+t34+t35+t43+t49+t50+t56+t57+t75)+t83.*(t11+t18+t29+t30+t33+t60+t61+t65+t68+t80+x3);-t81.*(p11+t15+t31+t36+t37+t43+t47+t48+t56+t57+t75)+t82.*(t10+t19+t20+t38+t40+t52+t54+t55+t64+t79+x2)+t83.*(t11+t21+t28+t30+t33+t60+t61+t65+t68+t80+x3);-t81.*(p11+t15+t32+t36+t37+t42+t47+t48+t56+t57+t75)-t83.*(p13+t17+t18+t29+t30+t33+t59+t62+t66+t67+t77)+t82.*(t10+t19+t20+t39+t41+t51+t53+t55+t64+t79+x2);-t82.*(p12+t16+t19+t20+t38+t40+t52+t54+t58+t63+t76)-t81.*(p11+t15+t32+t34+t35+t42+t49+t50+t56+t57+t75)-t83.*(p13+t17+t21+t28+t30+t33+t59+t62+t66+t67+t77)];
