function con_u = motor_con_u(in1,in2,in3)
%MOTOR_CON_U
%    CON_U = MOTOR_CON_U(IN1,IN2,IN3)

%    This function was generated by the Symbolic Math Toolbox version 8.7.
%    22-Jul-2021 14:21:09

u2 = in2(2,:);
u3 = in2(3,:);
u4 = in2(4,:);
t2 = u2.*1.384259953658032e-2;
t3 = u3.*1.384259953658032e-2;
t4 = u4.*1.384259953658032e-2;
t5 = -t2;
t6 = -t3;
t7 = -t4;
t8 = t4+1.543370293158955;
t10 = t4-1.543370293158955;
t9 = t7+1.543370293158955;
t11 = t7-1.543370293158955;
mt1 = [4.693755015277234e-2,4.693755015277234e-2,4.693755015277234e-2,4.693755015277234e-2,-4.693755015277234e-2,-4.693755015277234e-2];
mt2 = [-4.693755015277234e-2,-4.693755015277234e-2,t10,t9,t8,t11,t9,t10,t11,t8,t11,t8,t10,t9,t8,t11,t9,t10,t2+t6-4.318254614055055,t3+t5-4.318254614055055,t2+t3+4.318254614055055];
mt3 = [t5+t6+4.318254614055055,t3+t5+4.318254614055055,t2+t6+4.318254614055055,t5+t6-4.318254614055055,t2+t3-4.318254614055055];
con_u = reshape([mt1,mt2,mt3],8,4);
