function con = motor_con(in1,in2,in3)
%MOTOR_CON
%    CON = MOTOR_CON(IN1,IN2,IN3)

%    This function was generated by the Symbolic Math Toolbox version 8.7.
%    22-Jul-2021 14:21:09

u1 = in2(1,:);
u2 = in2(2,:);
u3 = in2(3,:);
u4 = in2(4,:);
up2 = in3(2,:);
up3 = in3(3,:);
up4 = in3(4,:);
t2 = u1.*4.693755015277234e-2;
t4 = u4.*4.318254614055055;
t5 = up4.*4.318254614055055;
t8 = u2.*1.543370293158955;
t9 = u3.*1.543370293158955;
t10 = up2.*1.543370293158955;
t11 = up3.*1.543370293158955;
t12 = u2.*u4.*1.384259953658032e-2;
t13 = u3.*u4.*1.384259953658032e-2;
t3 = -t2;
t6 = -t4;
t7 = -t5;
t14 = -t8;
t15 = -t9;
t16 = -t10;
t17 = -t11;
t18 = -t12;
t19 = -t13;
con = [t2+t5+t6+t10+t11+t12+t14+t15+t19-1.0;t2+t5+t6+t8+t9+t13+t16+t17+t18-1.0;t2+t4+t7+t8+t11+t12+t13+t15+t16-1.0;t2+t4+t7+t9+t10+t14+t17+t18+t19-1.0;t3+t4+t7+t8+t9+t13+t16+t17+t18;t3+t4+t7+t10+t11+t12+t14+t15+t19;t3+t5+t6+t9+t10+t14+t17+t18+t19;t3+t5+t6+t8+t11+t12+t13+t15+t16];
