function dF_br = dF_br_func(x0,th)
%dF_br_func
%    dF_br = dF_br_func(X0,TH)

%    This function was generated by the Symbolic Math Toolbox version 9.0.
%    22-Mar-2022 13:52:52

t2 = x0.^2;
t3 = th./1.0e+1;
t4 = t2./1.0e+1;
t5 = t3+t4+1.0;
t6 = t5.^2;
t7 = t6./1.0e+1;
t8 = t3+t7+1.0;
t9 = t8.^2;
t10 = t9./1.0e+1;
t11 = t3+t10+1.0;
t12 = t11.^2;
t13 = t12./1.0e+1;
t14 = t3+t13+1.0;
t15 = t14.^2;
t16 = t15./1.0e+1;
t17 = t3+t16+1.0;
t18 = t17.^2;
t19 = t18./1.0e+1;
t20 = t3+t19+1.0;
t21 = t20.^2;
t22 = t21./1.0e+1;
t23 = t3+t22+1.0;
t24 = t23.^2;
t25 = t24./1.0e+1;
t26 = t3+t25+1.0;
t27 = t26.^2;
t28 = t27./1.0e+1;
t29 = t3+t28+1.0;
dF_br = [(t5.*t8.*t11.*t14.*t17.*t20.*t23.*t26.*t29.*x0)./9.765625e+6,(t29.*((t26.*((t23.*((t20.*((t17.*((t14.*((t11.*((t8.*(t2./5.0e+2+th./5.0e+2+3.0./2.5e+1))./5.0+1.0./1.0e+1))./5.0+1.0./1.0e+1))./5.0+1.0./1.0e+1))./5.0+1.0./1.0e+1))./5.0+1.0./1.0e+1))./5.0+1.0./1.0e+1))./5.0+1.0./1.0e+1))./5.0+1.0./1.0e+1];
