function plane = plane_calc(in1,in2,in3,in4)
%PLANE_CALC
%    PLANE = PLANE_CALC(IN1,IN2,IN3,IN4)

%    This function was generated by the Symbolic Math Toolbox version 8.6.
%    09-Sep-2021 14:52:52

p01 = in2(1,:);
p02 = in2(2,:);
p03 = in2(3,:);
p11 = in3(1,:);
p12 = in3(2,:);
p13 = in3(3,:);
p21 = in4(1,:);
p22 = in4(2,:);
p23 = in4(3,:);
x1 = in1(1,:);
x2 = in1(2,:);
x3 = in1(3,:);
t2 = -p11;
t3 = -p12;
t4 = -p13;
t5 = -p21;
t6 = -p22;
t7 = -p23;
t8 = p01+t2;
t9 = p02+t3;
t10 = p03+t4;
t11 = p11+t5;
t12 = p12+t6;
t13 = p13+t7;
t14 = t11.^2;
t15 = t12.^2;
t16 = t13.^2;
t17 = t8.*t11;
t18 = t9.*t12;
t19 = t10.*t13;
t20 = t14+t15+t16;
t22 = t17+t18+t19;
t21 = 1.0./t20;
t23 = t11.*t21.*t22;
t24 = t12.*t21.*t22;
t25 = t13.*t21.*t22;
plane = (-p01+p11+t23).*(p11+t23-x1)+(-p02+p12+t24).*(p12+t24-x2)+(-p03+p13+t25).*(p13+t25-x3);
