function con = gate_con(in1,in2)
%GATE_CON
%    CON = GATE_CON(IN1,IN2)

%    This function was generated by the Symbolic Math Toolbox version 8.5.
%    18-May-2021 18:45:45

x2 = in1(2,:);
x3 = in1(3,:);
x7 = in1(7,:);
x8 = in1(8,:);
x9 = in1(9,:);
x10 = in1(10,:);
t2 = x7.^2;
t3 = x8.^2;
t4 = x9.^2;
t5 = x10.^2;
t6 = x3./2.0;
t7 = x2.*(5.0./2.0);
t10 = x7.*x10.*(1.77e+2./4.0e+2);
t11 = x8.*x9.*(1.77e+2./4.0e+2);
t14 = x7.*x8.*8.85e-2;
t15 = x7.*x9.*8.85e-2;
t16 = x8.*x10.*8.85e-2;
t17 = x9.*x10.*8.85e-2;
t8 = -t6;
t9 = -t7;
t12 = -t10;
t13 = -t11;
t18 = t2.*(1.77e+2./8.0e+2);
t19 = t3.*(1.77e+2./8.0e+2);
t20 = t4.*(1.77e+2./8.0e+2);
t21 = t5.*(1.77e+2./8.0e+2);
t22 = -t14;
t23 = -t15;
t24 = -t16;
t25 = -t17;
t26 = -t18;
t27 = -t19;
t28 = -t20;
t29 = -t21;
con = [t8+t15+t24;t8+t14+t17;t8+t16+t23;t8+t22+t25;t9+t12+t13-1.5e+1./4.0;t9+t18+t20+t27+t29-1.5e+1./4.0;t9+t10+t11-1.5e+1./4.0;t9+t19+t21+t26+t28-1.5e+1./4.0;t6+t16+t23-1.0;t6+t22+t25-1.0;t6+t15+t24-1.0;t6+t14+t17-1.0;t7+t10+t11+1.1e+1./4.0;t7+t19+t21+t26+t28+1.1e+1./4.0;t7+t12+t13+1.1e+1./4.0;t7+t18+t20+t27+t29+1.1e+1./4.0];
