function w_dot = ang_acc_est(tau_ext_x,tau_ext_y,tau_ext_z,u1,u2,u3,u4,w_x,w_y,w_z)
%ANG_ACC_EST
%    W_DOT = ANG_ACC_EST(TAU_EXT_X,TAU_EXT_Y,TAU_EXT_Z,U1,U2,U3,U4,W_X,W_Y,W_Z)

%    This function was generated by the Symbolic Math Toolbox version 8.5.
%    05-Mar-2021 16:14:19

t2 = u1.^2;
t3 = u2.^2;
t4 = u3.^2;
t5 = u4.^2;
t6 = t2.*5.084612337662338e-7;
t7 = t3.*5.084612337662338e-7;
t8 = t4.*5.084612337662338e-7;
t9 = t5.*5.084612337662338e-7;
t10 = -t6;
w_dot = [t7+t8-t9+t10+tau_ext_x.*6.493506493506494e+2-w_y.*w_z.*(9.7e+1./1.54e+2);t7-t8+t9+t10+tau_ext_y.*6.493506493506494e+2+w_x.*w_z.*(9.7e+1./1.54e+2);t2.*(-3.525019920318725e-7)-t3.*3.525019920318725e-7+t4.*3.525019920318725e-7+t5.*3.525019920318725e-7+tau_ext_z.*3.98406374501992e+2];
